*KEYWORD
*SET_NODE_LIST_TITLE
y_face
$#     sid       da1       da2       da3       da4    solver       its         -
         1       0.0       0.0       0.0       0.0MECH      1                   
$#    nid1      nid2      nid3      nid4      nid5      nid6      nid7      nid8
        54        55        56        57        58        59        60       229
       230       233       234       237       238       241       242       245
       246       249       250       253       254       257       258       316
       317       320       321       324       325       328       329       332
       333       336       337       340       341       344       345       355
       356       357       358       359       360       361       362       363
       364       365       366       367       368       369       370       371
       372       373       374       375       376       377       378       519
       522       523       526       527       530       531       534       535
       538       539       542       556       557       559       560       562
       563       565       566       568       569       571       572       573
       574       575       576       577       578       579       580       581
       582       583       584       597       598       599       600       601
       602       737       738       739       740       761       762       763
       764       785       786       787       788       804       805       806
       812       823       824       845       846       847       848       864
       865       866       872       883       884       895       896       907
       908       924       925       926       937       938       954       955
       956       967       968       979       980       986       992       998
      1004      1010      1016      1022      1028      1034      1040      1161
      1163      1164      1166      1167      1169      1170      1172      1173
      1175      1176      1178      1179      1181      1182      1184      1185
      1187      1188      1190      1191      1193      1194      1196      1197
      1199      1200      1202      1203      1205      1206      1208      1209
      1211      1212      1214      1215      1217      1218      1220      1221
      1223      1224      1226      1227      1229      1230      1232      1233
      1235      1236      1238      1239      1241      1242      1244      1245
      1247      1248      1250      1251      1253      1254      1256      1257
      1259      1260      1262      1263      1265      1266      1268      1269
      1271      1272      1274      1275      1277      1278      1280      1281
      1283      1284      1286      1728      1729      1732      1733      1736
      1737      1740      1741      1744      1745      1748      1749      1752
      1753      1756      1757      1760      1761      1764      1765      1768
      1769      1772      1773      1776      1777      1780      1781      1784
      1785      1788      1789      1792      1793      1796      1797      1800
      1801      1804      1805      1808      1809      1812      1813      1814
      1815      1816      1817      1818      1819      1820      1821      1822
      1823      1824      1825      1826      1827      1828      1829      1830
      1831      1832      1854      1855      1856      1857      1858      1859
      1221      2023      2024      2027      2028      2031      2032      2035
      2036      2039      2040      2043      2044      2047      2048      2051
      2052      2055      2056      2059      2060      2063      2064      2067
      2068      2071      2072      2075      2076      2079      2080      2083
      2084      2087      2088      2091      2092      2095      2096      2099
      2100      2103      2104      2338      2339      2341      2342      2344
      2345      2347      2348      2350      2351      2353      2354      2356
      2357      2359      2360      2362      2363      2365      2366      2368
      2369      2371      2372      2374      2375      2377      2378      2380
      2381      2383      2384      2386      2387      2389      2390      2392
      2393      2395      2396      2398      2399      2506      2507      2508
      2509      2510      2511      2512      2513      2514      2515      2516
      2517      2518      2519      2520      2521      2522      2523      2524
      2525      2526      2737      2738      2739      2740      2741      2742
      2743      2744      2745      2746      2747      2748      2749      2750
      2751      2752      2753      2754      2755      2756      2757      3361
      3362      3373      3374      3385      3386      3407      3408      3409
      3410      3431      3432      3433      3434      3455      3456      3457
      3458      3474      3475      3476      3497      3498      3499      3500
      3521      3522      3523      3524      3540      3541      3542      3558
      3559      3560      3581      3582      3583      3584      3605      3606
      3607      3608      3624      3625      3626      3642      3643      3644
      3665      3666      3667      3668      3689      3690      3691      3692
      3698      3709      3710      3731      3732      3733      3734      3745
      3746      3752      3758      3779      3780      3781      3782      3793
      3794      3815      3816      3817      3818      3824      3835      3836
      3852      3853      3854      3860      3871      3872      3888      3889
      3890      3911      3912      3913      3914      3930      3931      3932
      3943      3944      3955      3956      3977      3978      3979      3980
      3986      3992      3998      4019      4020      4021      4022      4028
      4034      4040      4051      4052      4063      4064      4070      4076
      4082      4088      4094      4105      4106      4117      4118      4124
      4140      4141      4142      4163      4164      4165      4166      4187
      4188      4189      4190      4196      4207      4208      4229      4230
      4231      4232      4238      4244      4255      4256      4262      4268
      4279      4280      4291      4292      4303      4304      4315      4316
      4322      4328      4334      4340      4346      4352      4363      4364
      4370      4381      4382      4388      4394      4400      4406      4417
      4418      4439      4440      4441      4442      4463      4464      4465
      4466      4477      4478      4489      4490      4501      4502      4513
      4514      4525      4526      4537      4538      4549      4550      4556
      4562      4568      4579      4580      4586         0         0         0
*END
