*KEYWORD
*SET_NODE_LIST_TITLE
plus_z_face
$#     sid       da1       da2       da3       da4    solver       its         -
         3       0.0       0.0       0.0       0.0MECH      1                   
$#    nid1      nid2      nid3      nid4      nid5      nid6      nid7      nid8
      1157      1158      1159      1160      1221      1222      1223      1284
      1285      1286      1347      1348      1349      1430      1431      1432
      1433      1514      1515      1516      1517      1538      1579      1580
      1621      1622      1663      1664      1705      1706      1727      1808
      1809      1810      1811      1832      1853      1854      1855      1856
      1857      1858      1859      1221      1222      1538      1580      1579
      1706      1705      1867      1868      1869      1870      1871      1872
      1873      1874      1875      1876      1877      1878      1879      1880
      1881      1882      1883      1884      1885      1886      1887      1888
      1889      1890      1891      1892      1893      1894      1895      1896
      1897      1898      1899      1900      1901      1902      3203      3204
      3205      3206      3207      3208      3209      3210      3645      3648
      3649      3652      3653      3656      3657      3660      3661      3664
      3665      3668      4143      4146      4147      4150      4151      4154
      4155      4158      4159      4162      4163      4166      4305      4306
      4307      4308      4309      4310      4311      4312      4313      4314
      4315      4316      4323      4324      4325      4326      4327      4328
      4365      4366      4367      4368      4369      4370         0         0
*END
